Image size = 256
procCount = 4
Image width = 16



For proc number 0
OffsetL = 0
Sended len = 80

255 255 255 249 241 253 255 239 231 246 236 255 229 255 236 255 
237 255 235 255 255 247 255 252 241 255 238 255 255 241 238 255 
255 255 230 232 255 255 255 255 255 255 241 242 255 250 248 247 
244 232 255 0 22 14 119 95 122 137 0 255 255 236 255 255 
250 246 255 10 0 30 94 221 226 113 0 27 255 226 242 255 


For proc number 1
OffsetL = 32
Sended len = 129

255 255 230 232 255 255 255 255 255 255 241 242 255 250 248 247 
244 232 255 0 22 14 119 95 122 137 0 255 255 236 255 255 
250 246 255 10 0 30 94 221 226 113 0 27 255 226 242 255 
255 255 237 0 13 8 129 199 185 138 0 16 252 255 255 238 
253 255 255 114 110 92 137 170 176 130 117 112 142 233 255 255 
255 252 227 105 188 167 188 203 170 182 161 182 134 255 255 255 
255 255 230 118 172 173 162 196 169 162 168 181 91 255 255 239 
255 237 227 118 135 127 90 176 149 88 101 109 137 255 255 236 
245 

For proc number 2
OffsetL = 96
Sended len = 129

253 255 255 114 110 92 137 170 176 130 117 112 142 233 255 255 
255 252 227 105 188 167 188 203 170 182 161 182 134 255 255 255 
255 255 230 118 172 173 162 196 169 162 168 181 91 255 255 239 
255 237 227 118 135 127 90 176 149 88 101 109 137 255 255 236 
245 236 255 3 0 4 88 130 124 89 0 0 246 233 233 255 
241 242 255 19 21 18 139 133 160 92 30 0 255 255 239 246 
236 255 255 0 0 0 107 113 100 98 0 229 227 255 245 255 
243 255 238 234 245 228 255 249 230 229 255 230 235 251 226 239 
247 

For proc number 3
OffsetL = 160
Sended len = 96

245 236 255 3 0 4 88 130 124 89 0 0 246 233 233 255 
241 242 255 19 21 18 139 133 160 92 30 0 255 255 239 246 
236 255 255 0 0 0 107 113 100 98 0 229 227 255 245 255 
243 255 238 234 245 228 255 249 230 229 255 230 235 251 226 239 
247 233 236 238 255 249 250 255 255 255 237 255 225 231 255 235 
255 255 225 255 255 232 243 242 235 237 238 255 255 240 239 252 


